inputs/onepref_r10w30.39_28000010_00040014
714 1001837
296207 -30.395383
1001837 0 0 0 0 0 0 0 0 0 0 0 0 0 0 0 0 0 0 0 0 0 0 0 0 0 0 0 0 0 0 0 0 0 0 0 0 0 0 0 0 0 0 0 0 0 0 0 0 0 0 0 0 0 0 0 0 0 0 0 0 
139119 862718 0 0 0 0 0 0 0 0 0 0 0 0 0 0 0 0 0 0 0 0 0 0 0 0 0 0 0 0 0 0 0 0 0 0 0 0 0 0 0 0 0 0 0 0 0 0 0 0 0 0 0 0 0 0 0 0 0 0 0 
15448 248071 738318 0 0 0 0 0 0 0 0 0 0 0 0 0 0 0 0 0 0 0 0 0 0 0 0 0 0 0 0 0 0 0 0 0 0 0 0 0 0 0 0 0 0 0 0 0 0 0 0 0 0 0 0 0 0 0 0 0 0 
1249 52723 315691 632174 0 0 0 0 0 0 0 0 0 0 0 0 0 0 0 0 0 0 0 0 0 0 0 0 0 0 0 0 0 0 0 0 0 0 0 0 0 0 0 0 0 0 0 0 0 0 0 0 0 0 0 0 0 0 0 0 0 
171 9138 87594 365098 539836 0 0 0 0 0 0 0 0 0 0 0 0 0 0 0 0 0 0 0 0 0 0 0 0 0 0 0 0 0 0 0 0 0 0 0 0 0 0 0 0 0 0 0 0 0 0 0 0 0 0 0 0 0 0 0 0 
171 1150 19782 129247 392943 458544 0 0 0 0 0 0 0 0 0 0 0 0 0 0 0 0 0 0 0 0 0 0 0 0 0 0 0 0 0 0 0 0 0 0 0 0 0 0 0 0 0 0 0 0 0 0 0 0 0 0 0 0 0 0 0 
0 671 3306 33457 168461 402299 393643 0 0 0 0 0 0 0 0 0 0 0 0 0 0 0 0 0 0 0 0 0 0 0 0 0 0 0 0 0 0 0 0 0 0 0 0 0 0 0 0 0 0 0 0 0 0 0 0 0 0 0 0 0 0 
0 17 1019 7788 54957 202341 398733 336982 0 0 0 0 0 0 0 0 0 0 0 0 0 0 0 0 0 0 0 0 0 0 0 0 0 0 0 0 0 0 0 0 0 0 0 0 0 0 0 0 0 0 0 0 0 0 0 0 0 0 0 0 0 
0 0 115 2081 14807 77049 228717 389647 289421 0 0 0 0 0 0 0 0 0 0 0 0 0 0 0 0 0 0 0 0 0 0 0 0 0 0 0 0 0 0 0 0 0 0 0 0 0 0 0 0 0 0 0 0 0 0 0 0 0 0 0 0 
0 0 12 218 4440 25474 99605 251032 371732 249324 0 0 0 0 0 0 0 0 0 0 0 0 0 0 0 0 0 0 0 0 0 0 0 0 0 0 0 0 0 0 0 0 0 0 0 0 0 0 0 0 0 0 0 0 0 0 0 0 0 0 0 
0 0 0 23 1258 8121 36297 125655 270760 356577 203146 0 0 0 0 0 0 0 0 0 0 0 0 0 0 0 0 0 0 0 0 0 0 0 0 0 0 0 0 0 0 0 0 0 0 0 0 0 0 0 0 0 0 0 0 0 0 0 0 0 0 
0 0 0 0 92 2077 12389 50585 150986 287860 330385 167463 0 0 0 0 0 0 0 0 0 0 0 0 0 0 0 0 0 0 0 0 0 0 0 0 0 0 0 0 0 0 0 0 0 0 0 0 0 0 0 0 0 0 0 0 0 0 0 0 0 
0 0 0 0 24 355 3636 17859 64508 165176 290983 309161 150135 0 0 0 0 0 0 0 0 0 0 0 0 0 0 0 0 0 0 0 0 0 0 0 0 0 0 0 0 0 0 0 0 0 0 0 0 0 0 0 0 0 0 0 0 0 0 0 0 
0 0 0 0 9 52 736 5638 24531 79041 184017 292110 289779 125924 0 0 0 0 0 0 0 0 0 0 0 0 0 0 0 0 0 0 0 0 0 0 0 0 0 0 0 0 0 0 0 0 0 0 0 0 0 0 0 0 0 0 0 0 0 0 0 
0 0 0 0 0 27 143 1426 8133 32088 94625 200881 292774 265393 106347 0 0 0 0 0 0 0 0 0 0 0 0 0 0 0 0 0 0 0 0 0 0 0 0 0 0 0 0 0 0 0 0 0 0 0 0 0 0 0 0 0 0 0 0 0 0 
0 0 0 0 0 1 37 337 2411 11566 41930 110395 214927 287268 240094 92871 0 0 0 0 0 0 0 0 0 0 0 0 0 0 0 0 0 0 0 0 0 0 0 0 0 0 0 0 0 0 0 0 0 0 0 0 0 0 0 0 0 0 0 0 0 
0 0 0 0 0 1 37 337 2411 11566 41930 110395 214927 287268 240094 92871 0 0 0 0 0 0 0 0 0 0 0 0 0 0 0 0 0 0 0 0 0 0 0 0 0 0 0 0 0 0 0 0 0 0 0 0 0 0 0 0 0 0 0 0 0 
0 0 0 0 0 0 4 62 522 2780 13289 45486 115188 219098 283586 233291 88531 0 0 0 0 0 0 0 0 0 0 0 0 0 0 0 0 0 0 0 0 0 0 0 0 0 0 0 0 0 0 0 0 0 0 0 0 0 0 0 0 0 0 0 0 
0 0 0 0 0 0 3 14 148 903 4325 17029 55655 130500 226723 276811 214580 75146 0 0 0 0 0 0 0 0 0 0 0 0 0 0 0 0 0 0 0 0 0 0 0 0 0 0 0 0 0 0 0 0 0 0 0 0 0 0 0 0 0 0 0 
0 0 0 0 0 0 0 5 43 276 1489 6470 22387 66777 146390 235262 266973 192709 63056 0 0 0 0 0 0 0 0 0 0 0 0 0 0 0 0 0 0 0 0 0 0 0 0 0 0 0 0 0 0 0 0 0 0 0 0 0 0 0 0 0 0 
0 0 0 0 0 0 0 1 12 79 440 2141 9050 28389 78376 158388 239337 256641 174224 54759 0 0 0 0 0 0 0 0 0 0 0 0 0 0 0 0 0 0 0 0 0 0 0 0 0 0 0 0 0 0 0 0 0 0 0 0 0 0 0 0 0 
0 0 0 0 0 0 0 1 5 25 125 691 3266 12161 35715 89905 170110 241649 244155 156368 47661 0 0 0 0 0 0 0 0 0 0 0 0 0 0 0 0 0 0 0 0 0 0 0 0 0 0 0 0 0 0 0 0 0 0 0 0 0 0 0 0 
0 0 0 0 0 0 0 1 3 6 34 210 1091 4623 15843 43973 101758 180478 242662 229807 140712 40636 0 0 0 0 0 0 0 0 0 0 0 0 0 0 0 0 0 0 0 0 0 0 0 0 0 0 0 0 0 0 0 0 0 0 0 0 0 0 0 
0 0 0 0 0 0 0 0 3 2 15 60 331 1586 6122 19450 51633 112644 188182 241388 218032 127238 35151 0 0 0 0 0 0 0 0 0 0 0 0 0 0 0 0 0 0 0 0 0 0 0 0 0 0 0 0 0 0 0 0 0 0 0 0 0 0 
0 0 0 0 0 0 0 0 0 4 5 27 108 533 2256 8154 23939 60073 123379 194971 237374 204855 115045 31114 0 0 0 0 0 0 0 0 0 0 0 0 0 0 0 0 0 0 0 0 0 0 0 0 0 0 0 0 0 0 0 0 0 0 0 0 0 
0 0 0 0 0 0 0 0 0 0 4 9 46 186 777 3064 10228 28810 68638 135041 202201 232304 191811 102560 26158 0 0 0 0 0 0 0 0 0 0 0 0 0 0 0 0 0 0 0 0 0 0 0 0 0 0 0 0 0 0 0 0 0 0 0 0 
0 0 0 0 0 0 0 0 0 0 3 2 8 61 244 988 3947 12306 33797 77129 144988 209160 229472 180151 88861 20720 0 0 0 0 0 0 0 0 0 0 0 0 0 0 0 0 0 0 0 0 0 0 0 0 0 0 0 0 0 0 0 0 0 0 0 
0 0 0 0 0 0 0 0 0 0 0 3 3 16 87 379 1387 5240 15679 40546 87603 154910 212390 222104 165659 78859 16972 0 0 0 0 0 0 0 0 0 0 0 0 0 0 0 0 0 0 0 0 0 0 0 0 0 0 0 0 0 0 0 0 0 0 
0 0 0 0 0 0 0 0 0 0 0 0 3 6 20 114 520 1797 6568 18686 46304 96292 163196 213454 215200 154301 70761 14615 0 0 0 0 0 0 0 0 0 0 0 0 0 0 0 0 0 0 0 0 0 0 0 0 0 0 0 0 0 0 0 0 0 
0 0 0 0 0 0 0 0 0 0 0 0 1 2 7 32 170 690 2543 8374 22685 53222 105655 170861 214655 206684 141294 62514 12448 0 0 0 0 0 0 0 0 0 0 0 0 0 0 0 0 0 0 0 0 0 0 0 0 0 0 0 0 0 0 0 0 
0 0 0 0 0 0 0 0 0 0 0 0 0 1 4 14 47 244 907 3320 10419 27050 60630 115159 176519 213378 198408 130463 54755 10519 0 0 0 0 0 0 0 0 0 0 0 0 0 0 0 0 0 0 0 0 0 0 0 0 0 0 0 0 0 0 0 
0 0 0 0 0 0 0 0 0 0 0 0 0 0 2 5 24 67 365 1256 4346 12906 31733 68444 123546 182837 211370 188587 119251 48091 9007 0 0 0 0 0 0 0 0 0 0 0 0 0 0 0 0 0 0 0 0 0 0 0 0 0 0 0 0 0 0 
0 0 0 0 0 0 0 0 0 0 0 0 0 0 2 5 24 67 365 1256 4346 12906 31733 68444 123546 182837 211370 188587 119251 48091 9007 0 0 0 0 0 0 0 0 0 0 0 0 0 0 0 0 0 0 0 0 0 0 0 0 0 0 0 0 0 0 
0 0 0 0 0 0 0 0 0 0 0 0 0 0 0 3 7 29 88 447 1586 5167 14706 34855 73865 129626 185529 209639 182453 112374 43757 7706 0 0 0 0 0 0 0 0 0 0 0 0 0 0 0 0 0 0 0 0 0 0 0 0 0 0 0 0 0 
0 0 0 0 0 0 0 0 0 0 0 0 0 0 0 1 5 12 52 183 785 2537 7281 18748 41764 82606 134761 185705 202521 172580 104630 40338 7328 0 0 0 0 0 0 0 0 0 0 0 0 0 0 0 0 0 0 0 0 0 0 0 0 0 0 0 0 
0 0 0 0 0 0 0 0 0 0 0 0 0 0 0 0 1 5 19 61 243 992 3277 9241 22904 49839 93838 145401 189220 195654 158590 91805 34398 6349 0 0 0 0 0 0 0 0 0 0 0 0 0 0 0 0 0 0 0 0 0 0 0 0 0 0 0 
0 0 0 0 0 0 0 0 0 0 0 0 0 0 0 0 0 4 5 32 99 379 1397 4379 11799 27458 57038 102039 152044 189366 190030 147647 82789 29805 5527 0 0 0 0 0 0 0 0 0 0 0 0 0 0 0 0 0 0 0 0 0 0 0 0 0 0 
0 0 0 0 0 0 0 0 0 0 0 0 0 0 0 0 0 0 6 9 31 122 484 1684 5122 13541 30359 61540 107654 155983 189838 185754 141006 77041 26771 4892 0 0 0 0 0 0 0 0 0 0 0 0 0 0 0 0 0 0 0 0 0 0 0 0 0 
0 0 0 0 0 0 0 0 0 0 0 0 0 0 0 0 0 0 3 6 15 64 226 831 2668 7405 18060 38529 73968 120211 164362 187908 173619 123897 64765 21498 3802 0 0 0 0 0 0 0 0 0 0 0 0 0 0 0 0 0 0 0 0 0 0 0 0 
0 0 0 0 0 0 0 0 0 0 0 0 0 0 0 0 0 0 0 3 8 21 83 316 1055 3293 9029 21012 44677 82582 130172 172267 189037 165850 111118 53369 15675 2270 0 0 0 0 0 0 0 0 0 0 0 0 0 0 0 0 0 0 0 0 0 0 0 
0 0 0 0 0 0 0 0 0 0 0 0 0 0 0 0 0 0 0 0 6 9 28 114 392 1265 3659 9726 22101 46467 85054 132465 173637 188145 163031 108224 50744 14691 2079 0 0 0 0 0 0 0 0 0 0 0 0 0 0 0 0 0 0 0 0 0 0 
0 0 0 0 0 0 0 0 0 0 0 0 0 0 0 0 0 0 0 0 2 7 15 46 183 590 1602 4408 10755 23737 48644 87376 133730 173709 186100 160094 105532 49119 14190 1998 0 0 0 0 0 0 0 0 0 0 0 0 0 0 0 0 0 0 0 0 0 
0 0 0 0 0 0 0 0 0 0 0 0 0 0 0 0 0 0 0 0 2 4 13 30 112 331 908 2307 5557 12930 27511 54000 93189 138229 174519 181963 152700 98065 44828 12860 1779 0 0 0 0 0 0 0 0 0 0 0 0 0 0 0 0 0 0 0 0 
0 0 0 0 0 0 0 0 0 0 0 0 0 0 0 0 0 0 0 0 2 4 10 29 101 271 707 1781 3969 9044 19134 37878 68162 108215 149174 174892 171083 134222 79805 33988 8478 888 0 0 0 0 0 0 0 0 0 0 0 0 0 0 0 0 0 0 0 
0 0 0 0 0 0 0 0 0 0 0 0 0 0 0 0 0 0 0 0 0 2 4 11 28 103 280 734 1917 4297 9931 21249 42022 74825 116479 156587 177667 166441 124024 69888 28035 6647 666 0 0 0 0 0 0 0 0 0 0 0 0 0 0 0 0 0 0 
0 0 0 0 0 0 0 0 0 0 0 0 0 0 0 0 0 0 0 0 0 0 2 6 14 43 131 354 975 2343 5468 12513 26079 49219 84286 125387 160391 174522 157119 112023 61129 23699 5560 574 0 0 0 0 0 0 0 0 0 0 0 0 0 0 0 0 0 
0 0 0 0 0 0 0 0 0 0 0 0 0 0 0 0 0 0 0 0 0 0 0 2 10 13 64 163 454 1197 2880 6705 14792 30107 55599 91603 131529 162936 171844 149015 103152 54407 20278 4626 461 0 0 0 0 0 0 0 0 0 0 0 0 0 0 0 0 
0 0 0 0 0 0 0 0 0 0 0 0 0 0 0 0 0 0 0 0 0 0 0 0 3 9 22 88 237 605 1549 3829 8071 17201 33597 58454 92959 130824 159737 167804 145998 101611 53957 20195 4626 461 0 0 0 0 0 0 0 0 0 0 0 0 0 0 0 
0 0 0 0 0 0 0 0 0 0 0 0 0 0 0 0 0 0 0 0 0 0 0 0 3 9 22 88 237 605 1549 3829 8071 17201 33597 58454 92959 130824 159737 167804 145998 101611 53957 20195 4626 461 0 0 0 0 0 0 0 0 0 0 0 0 0 0 0 
0 0 0 0 0 0 0 0 0 0 0 0 0 0 0 0 0 0 0 0 0 0 0 0 3 9 22 88 237 605 1549 3829 8071 17201 33597 58454 92959 130824 159737 167804 145998 101611 53957 20195 4626 461 0 0 0 0 0 0 0 0 0 0 0 0 0 0 0 
0 0 0 0 0 0 0 0 0 0 0 0 0 0 0 0 0 0 0 0 0 0 0 0 3 9 22 88 237 605 1549 3829 8071 17201 33597 58454 92959 130824 159737 167804 145998 101611 53957 20195 4626 461 0 0 0 0 0 0 0 0 0 0 0 0 0 0 0 
0 0 0 0 0 0 0 0 0 0 0 0 0 0 0 0 0 0 0 0 0 0 0 0 0 3 9 22 88 237 605 1549 3829 8071 17201 33597 58454 92959 130824 159737 167804 145998 101611 53957 20195 4626 461 0 0 0 0 0 0 0 0 0 0 0 0 0 0 
0 0 0 0 0 0 0 0 0 0 0 0 0 0 0 0 0 0 0 0 0 0 0 0 0 2 3 19 44 126 332 888 2331 5143 11142 22643 42865 71686 109198 144179 165408 159880 128107 81479 39500 13683 2919 260 0 0 0 0 0 0 0 0 0 0 0 0 0 
0 0 0 0 0 0 0 0 0 0 0 0 0 0 0 0 0 0 0 0 0 0 0 0 0 0 2 3 19 44 126 332 888 2331 5143 11142 22643 42865 71686 109198 144179 165408 159880 128107 81479 39500 13683 2919 260 0 0 0 0 0 0 0 0 0 0 0 0 
0 0 0 0 0 0 0 0 0 0 0 0 0 0 0 0 0 0 0 0 0 0 0 0 0 0 2 1 6 29 58 166 426 1121 2766 5823 12266 24001 44156 72638 109524 143226 163782 158106 126867 80778 39263 13653 2919 260 0 0 0 0 0 0 0 0 0 0 0 
0 0 0 0 0 0 0 0 0 0 0 0 0 0 0 0 0 0 0 0 0 0 0 0 0 0 2 1 4 19 51 118 310 799 1762 3813 7425 14344 26035 45901 73606 108594 141019 160894 155815 125371 80098 39078 13599 2919 260 0 0 0 0 0 0 0 0 0 0 
0 0 0 0 0 0 0 0 0 0 0 0 0 0 0 0 0 0 0 0 0 0 0 0 0 0 2 1 4 19 48 114 288 707 1548 3021 5654 10064 17100 28724 47674 73503 106476 137649 157536 153118 123800 79293 38772 13543 2919 260 0 0 0 0 0 0 0 0 0 
0 0 0 0 0 0 0 0 0 0 0 0 0 0 0 0 0 0 0 0 0 0 0 0 0 0 2 1 4 19 48 112 286 688 1479 2859 5096 8709 13836 21687 33843 52055 75974 106642 135373 152534 146860 117298 74587 36303 12624 2682 236 0 0 0 0 0 0 0 0 
0 0 0 0 0 0 0 0 0 0 0 0 0 0 0 0 0 0 0 0 0 0 0 0 0 0 2 1 4 19 48 112 286 686 1465 2801 4979 8341 12848 19312 28813 42277 60651 84579 113895 137713 148041 134496 101065 61090 27579 8926 1676 132 0 0 0 0 0 0 0 
0 0 0 0 0 0 0 0 0 0 0 0 0 0 0 0 0 0 0 0 0 0 0 0 0 0 2 1 4 19 48 112 286 686 1464 2794 4943 8246 12625 18741 27392 39357 54502 75575 100542 125565 140125 136294 112225 76591 41512 16959 4610 617 0 0 0 0 0 0 0 
0 0 0 0 0 0 0 0 0 0 0 0 0 0 0 0 0 0 0 0 0 0 0 0 0 0 0 2 1 4 19 48 112 286 686 1464 2794 4943 8246 12625 18741 27392 39357 54502 75575 100542 125565 140125 136294 112225 76591 41512 16959 4610 617 0 0 0 0 0 0 
0 0 0 0 0 0 0 0 0 0 0 0 0 0 0 0 0 0 0 0 0 0 0 0 0 0 0 0 2 1 8 22 63 150 354 841 1668 3063 5346 8910 13708 20530 30618 44175 62446 85956 112876 137002 146435 133363 99695 59325 26264 7911 1105 0 0 0 0 0 0 
0 0 0 0 0 0 0 0 0 0 0 0 0 0 0 0 0 0 0 0 0 0 0 0 0 0 0 0 1 1 8 14 46 122 242 581 1170 2110 3817 6415 10748 16601 25664 38305 56338 78869 106149 133061 148284 142300 112994 71560 33937 10810 1690 0 0 0 0 0 0 
0 0 0 0 0 0 0 0 0 0 0 0 0 0 0 0 0 0 0 0 0 0 0 0 0 0 0 0 1 1 8 13 41 116 221 528 970 1765 3084 5187 8720 14296 22745 34837 53072 76633 104947 133744 150955 146422 118111 75718 36239 11673 1790 0 0 0 0 0 0 
