inputs/in_r8w25_0a204205
103 1006060
2531667 -16.172072
1006060 0 0 0 0 0 0 0 0 0 0 0 0 0 0 0 0 0 0 0 0 0 0 0 0 0 0 0 0 0 0 0 0 0 0 0 0 0 0 0 0 0 0 0 0 0 0 0 0 0 0 0 0 0 0 0 0 0 0 0 0 
119832 886228 0 0 0 0 0 0 0 0 0 0 0 0 0 0 0 0 0 0 0 0 0 0 0 0 0 0 0 0 0 0 0 0 0 0 0 0 0 0 0 0 0 0 0 0 0 0 0 0 0 0 0 0 0 0 0 0 0 0 0 
9045 206467 790548 0 0 0 0 0 0 0 0 0 0 0 0 0 0 0 0 0 0 0 0 0 0 0 0 0 0 0 0 0 0 0 0 0 0 0 0 0 0 0 0 0 0 0 0 0 0 0 0 0 0 0 0 0 0 0 0 0 0 
0 42059 279141 684860 0 0 0 0 0 0 0 0 0 0 0 0 0 0 0 0 0 0 0 0 0 0 0 0 0 0 0 0 0 0 0 0 0 0 0 0 0 0 0 0 0 0 0 0 0 0 0 0 0 0 0 0 0 0 0 0 0 
0 5685 82259 338378 579738 0 0 0 0 0 0 0 0 0 0 0 0 0 0 0 0 0 0 0 0 0 0 0 0 0 0 0 0 0 0 0 0 0 0 0 0 0 0 0 0 0 0 0 0 0 0 0 0 0 0 0 0 0 0 0 0 
0 675 17601 123772 393023 470989 0 0 0 0 0 0 0 0 0 0 0 0 0 0 0 0 0 0 0 0 0 0 0 0 0 0 0 0 0 0 0 0 0 0 0 0 0 0 0 0 0 0 0 0 0 0 0 0 0 0 0 0 0 0 0 
0 0 4500 32225 159450 411496 398389 0 0 0 0 0 0 0 0 0 0 0 0 0 0 0 0 0 0 0 0 0 0 0 0 0 0 0 0 0 0 0 0 0 0 0 0 0 0 0 0 0 0 0 0 0 0 0 0 0 0 0 0 0 0 
0 0 699 7166 53357 196479 411030 337329 0 0 0 0 0 0 0 0 0 0 0 0 0 0 0 0 0 0 0 0 0 0 0 0 0 0 0 0 0 0 0 0 0 0 0 0 0 0 0 0 0 0 0 0 0 0 0 0 0 0 0 0 0 
0 0 0 1354 14650 70849 232652 398818 287737 0 0 0 0 0 0 0 0 0 0 0 0 0 0 0 0 0 0 0 0 0 0 0 0 0 0 0 0 0 0 0 0 0 0 0 0 0 0 0 0 0 0 0 0 0 0 0 0 0 0 0 0 
0 0 0 57 3137 21227 92509 250774 390940 247416 0 0 0 0 0 0 0 0 0 0 0 0 0 0 0 0 0 0 0 0 0 0 0 0 0 0 0 0 0 0 0 0 0 0 0 0 0 0 0 0 0 0 0 0 0 0 0 0 0 0 0 
0 0 0 0 629 5107 29058 114714 270285 364194 222073 0 0 0 0 0 0 0 0 0 0 0 0 0 0 0 0 0 0 0 0 0 0 0 0 0 0 0 0 0 0 0 0 0 0 0 0 0 0 0 0 0 0 0 0 0 0 0 0 0 0 
0 0 0 0 345 1648 9339 45762 140725 266881 343262 198098 0 0 0 0 0 0 0 0 0 0 0 0 0 0 0 0 0 0 0 0 0 0 0 0 0 0 0 0 0 0 0 0 0 0 0 0 0 0 0 0 0 0 0 0 0 0 0 0 0 
0 0 0 0 84 726 2753 15130 59176 157761 275254 328921 166255 0 0 0 0 0 0 0 0 0 0 0 0 0 0 0 0 0 0 0 0 0 0 0 0 0 0 0 0 0 0 0 0 0 0 0 0 0 0 0 0 0 0 0 0 0 0 0 0 
0 0 0 0 0 166 888 4906 24145 73899 177021 283372 300103 141560 0 0 0 0 0 0 0 0 0 0 0 0 0 0 0 0 0 0 0 0 0 0 0 0 0 0 0 0 0 0 0 0 0 0 0 0 0 0 0 0 0 0 0 0 0 0 0 
0 0 0 0 0 114 338 1676 7394 30703 87092 189040 282266 285148 122289 0 0 0 0 0 0 0 0 0 0 0 0 0 0 0 0 0 0 0 0 0 0 0 0 0 0 0 0 0 0 0 0 0 0 0 0 0 0 0 0 0 0 0 0 0 0 
0 0 0 0 0 0 151 706 3326 12330 38285 102655 207297 293898 257019 90393 0 0 0 0 0 0 0 0 0 0 0 0 0 0 0 0 0 0 0 0 0 0 0 0 0 0 0 0 0 0 0 0 0 0 0 0 0 0 0 0 0 0 0 0 0 
0 0 0 0 0 0 151 706 3326 12330 38285 102655 207297 293898 257019 90393 0 0 0 0 0 0 0 0 0 0 0 0 0 0 0 0 0 0 0 0 0 0 0 0 0 0 0 0 0 0 0 0 0 0 0 0 0 0 0 0 0 0 0 0 0 
0 0 0 0 0 0 11 194 1098 4106 13919 42634 111486 214368 289306 244498 84440 0 0 0 0 0 0 0 0 0 0 0 0 0 0 0 0 0 0 0 0 0 0 0 0 0 0 0 0 0 0 0 0 0 0 0 0 0 0 0 0 0 0 0 0 
0 0 0 0 0 0 5 38 313 1581 5320 17527 52492 123308 221513 286575 225975 71413 0 0 0 0 0 0 0 0 0 0 0 0 0 0 0 0 0 0 0 0 0 0 0 0 0 0 0 0 0 0 0 0 0 0 0 0 0 0 0 0 0 0 0 
0 0 0 0 0 0 0 13 53 505 2196 7175 22756 63485 143196 232108 270996 203484 60093 0 0 0 0 0 0 0 0 0 0 0 0 0 0 0 0 0 0 0 0 0 0 0 0 0 0 0 0 0 0 0 0 0 0 0 0 0 0 0 0 0 0 
0 0 0 0 0 0 0 0 14 167 801 2782 9852 30375 76515 156021 235641 261254 183917 48721 0 0 0 0 0 0 0 0 0 0 0 0 0 0 0 0 0 0 0 0 0 0 0 0 0 0 0 0 0 0 0 0 0 0 0 0 0 0 0 0 0 
0 0 0 0 0 0 0 0 0 28 237 958 3461 11892 35901 89166 167919 237697 250150 166027 42624 0 0 0 0 0 0 0 0 0 0 0 0 0 0 0 0 0 0 0 0 0 0 0 0 0 0 0 0 0 0 0 0 0 0 0 0 0 0 0 0 
0 0 0 0 0 0 0 0 0 10 48 337 1174 4437 15479 44381 101218 178161 242822 233427 146685 37881 0 0 0 0 0 0 0 0 0 0 0 0 0 0 0 0 0 0 0 0 0 0 0 0 0 0 0 0 0 0 0 0 0 0 0 0 0 0 0 
0 0 0 0 0 0 0 0 0 3 12 88 452 1714 6003 19455 52645 113030 187571 241335 220897 130446 32409 0 0 0 0 0 0 0 0 0 0 0 0 0 0 0 0 0 0 0 0 0 0 0 0 0 0 0 0 0 0 0 0 0 0 0 0 0 0 
0 0 0 0 0 0 0 0 0 0 3 21 152 654 2359 8071 24548 62344 124488 196985 239249 206730 113842 26614 0 0 0 0 0 0 0 0 0 0 0 0 0 0 0 0 0 0 0 0 0 0 0 0 0 0 0 0 0 0 0 0 0 0 0 0 0 
0 0 0 0 0 0 0 0 0 0 0 4 52 199 835 3097 10742 30205 71207 135166 201888 233535 194660 101764 22706 0 0 0 0 0 0 0 0 0 0 0 0 0 0 0 0 0 0 0 0 0 0 0 0 0 0 0 0 0 0 0 0 0 0 0 0 
0 0 0 0 0 0 0 0 0 0 0 0 5 78 262 1017 3889 12707 35492 81315 145128 203101 227671 184059 92018 19318 0 0 0 0 0 0 0 0 0 0 0 0 0 0 0 0 0 0 0 0 0 0 0 0 0 0 0 0 0 0 0 0 0 0 0 
0 0 0 0 0 0 0 0 0 0 0 0 1 8 128 378 1639 5668 17469 43647 92951 155892 206336 214109 167567 82285 17982 0 0 0 0 0 0 0 0 0 0 0 0 0 0 0 0 0 0 0 0 0 0 0 0 0 0 0 0 0 0 0 0 0 0 
0 0 0 0 0 0 0 0 0 0 0 0 0 3 37 192 659 2289 7790 21770 51858 102761 164146 209778 207761 152135 70808 14073 0 0 0 0 0 0 0 0 0 0 0 0 0 0 0 0 0 0 0 0 0 0 0 0 0 0 0 0 0 0 0 0 0 
0 0 0 0 0 0 0 0 0 0 0 0 0 0 3 62 243 852 3069 9613 26173 59058 110857 169881 209665 199205 140211 64617 12551 0 0 0 0 0 0 0 0 0 0 0 0 0 0 0 0 0 0 0 0 0 0 0 0 0 0 0 0 0 0 0 0 
0 0 0 0 0 0 0 0 0 0 0 0 0 0 1 17 79 338 1160 4144 12112 31135 66914 120094 175222 207805 190189 129349 57281 10220 0 0 0 0 0 0 0 0 0 0 0 0 0 0 0 0 0 0 0 0 0 0 0 0 0 0 0 0 0 0 0 
0 0 0 0 0 0 0 0 0 0 0 0 0 0 0 6 34 113 408 1589 5286 14797 36130 73830 127122 178750 205806 182457 120142 50923 8667 0 0 0 0 0 0 0 0 0 0 0 0 0 0 0 0 0 0 0 0 0 0 0 0 0 0 0 0 0 0 
0 0 0 0 0 0 0 0 0 0 0 0 0 0 0 6 34 113 408 1589 5286 14797 36130 73830 127122 178750 205806 182457 120142 50923 8667 0 0 0 0 0 0 0 0 0 0 0 0 0 0 0 0 0 0 0 0 0 0 0 0 0 0 0 0 0 0 
0 0 0 0 0 0 0 0 0 0 0 0 0 0 0 5 35 98 386 1520 5094 14337 35141 72069 124645 175845 204320 183612 123615 54477 10583 278 0 0 0 0 0 0 0 0 0 0 0 0 0 0 0 0 0 0 0 0 0 0 0 0 0 0 0 0 0 
0 0 0 0 0 0 0 0 0 0 0 0 0 0 0 5 34 99 374 1509 5055 14206 34840 71383 123441 174136 202136 182355 124596 56842 13069 1758 222 0 0 0 0 0 0 0 0 0 0 0 0 0 0 0 0 0 0 0 0 0 0 0 0 0 0 0 0 
0 0 0 0 0 0 0 0 0 0 0 0 0 0 0 0 16 87 245 886 3326 9436 23669 49803 91569 141637 184987 195647 159645 97943 37983 8086 969 126 0 0 0 0 0 0 0 0 0 0 0 0 0 0 0 0 0 0 0 0 0 0 0 0 0 0 0 
0 0 0 0 0 0 0 0 0 0 0 0 0 0 0 0 3 37 180 415 1719 5382 14556 32949 64155 108796 155772 188387 184547 138894 76216 27553 5731 683 85 0 0 0 0 0 0 0 0 0 0 0 0 0 0 0 0 0 0 0 0 0 0 0 0 0 0 
0 0 0 0 0 0 0 0 0 0 0 0 0 0 0 0 3 10 77 233 821 2887 8353 20759 44211 80927 126872 167967 188253 168754 115580 57627 18836 3445 401 44 0 0 0 0 0 0 0 0 0 0 0 0 0 0 0 0 0 0 0 0 0 0 0 0 0 
0 0 0 0 0 0 0 0 0 0 0 0 0 0 0 0 3 10 44 119 461 1536 4724 12671 29105 57264 98282 141521 175141 181382 152075 93875 43278 12408 1927 220 14 0 0 0 0 0 0 0 0 0 0 0 0 0 0 0 0 0 0 0 0 0 0 0 0 
0 0 0 0 0 0 0 0 0 0 0 0 0 0 0 0 3 0 14 63 216 790 2592 7275 18415 38682 72837 115336 155962 179151 171875 130135 73886 29955 7771 1012 88 2 0 0 0 0 0 0 0 0 0 0 0 0 0 0 0 0 0 0 0 0 0 0 0 
0 0 0 0 0 0 0 0 0 0 0 0 0 0 0 0 2 1 8 41 103 378 1290 3898 10164 24072 48500 85397 127825 162922 176656 158249 113290 61526 24476 6349 827 84 2 0 0 0 0 0 0 0 0 0 0 0 0 0 0 0 0 0 0 0 0 0 0 
0 0 0 0 0 0 0 0 0 0 0 0 0 0 0 0 2 0 4 11 63 144 499 1562 4392 11181 25437 50443 87059 128982 163260 175406 156570 111396 59918 23396 5717 601 17 0 0 0 0 0 0 0 0 0 0 0 0 0 0 0 0 0 0 0 0 0 0 
0 0 0 0 0 0 0 0 0 0 0 0 0 0 0 0 2 0 3 9 47 134 370 1090 2915 7665 17090 35306 63767 101657 143652 170211 169351 138009 89567 45077 15840 3846 443 9 0 0 0 0 0 0 0 0 0 0 0 0 0 0 0 0 0 0 0 0 0 
0 0 0 0 0 0 0 0 0 0 0 0 0 0 0 0 0 2 0 3 9 48 139 396 1253 3424 8934 20918 41948 74796 114504 153153 172092 163285 125779 76283 35343 11205 2304 238 4 0 0 0 0 0 0 0 0 0 0 0 0 0 0 0 0 0 0 0 0 
0 0 0 0 0 0 0 0 0 0 0 0 0 0 0 0 0 2 0 1 8 18 87 227 698 1854 4974 11777 26373 50979 86721 126270 159706 169912 152743 111083 64217 27971 8504 1756 175 4 0 0 0 0 0 0 0 0 0 0 0 0 0 0 0 0 0 0 0 
0 0 0 0 0 0 0 0 0 0 0 0 0 0 0 0 0 0 2 0 4 13 47 118 336 974 2759 7070 16502 34741 62685 101897 140246 167417 167201 138752 92902 47952 18610 4916 833 83 0 0 0 0 0 0 0 0 0 0 0 0 0 0 0 0 0 0 0 
0 0 0 0 0 0 0 0 0 0 0 0 0 0 0 0 0 0 0 2 0 6 29 60 199 526 1584 4238 10089 22792 44887 76612 116798 150893 168959 157276 122097 75817 36412 13016 3222 481 65 0 0 0 0 0 0 0 0 0 0 0 0 0 0 0 0 0 0 
0 0 0 0 0 0 0 0 0 0 0 0 0 0 0 0 0 0 0 1 1 2 10 40 118 317 915 2353 5951 13652 29350 54877 89998 128834 158866 167607 148053 107075 61318 26696 8211 1660 153 2 0 0 0 0 0 0 0 0 0 0 0 0 0 0 0 0 0 
0 0 0 0 0 0 0 0 0 0 0 0 0 0 0 0 0 0 0 1 1 2 10 40 118 317 915 2353 5951 13652 29350 54877 89998 128834 158866 167607 148053 107075 61318 26696 8211 1660 153 2 0 0 0 0 0 0 0 0 0 0 0 0 0 0 0 0 0 
0 0 0 0 0 0 0 0 0 0 0 0 0 0 0 0 0 0 0 1 1 2 10 40 118 317 915 2353 5951 13652 29348 54879 89996 128836 158865 167608 148053 107075 61318 26696 8211 1660 153 2 0 0 0 0 0 0 0 0 0 0 0 0 0 0 0 0 0 
0 0 0 0 0 0 0 0 0 0 0 0 0 0 0 0 0 0 0 0 1 1 2 10 40 118 317 915 2354 5953 13653 29357 54877 89998 128831 158858 167607 148053 107075 61318 26696 8211 1660 153 2 0 0 0 0 0 0 0 0 0 0 0 0 0 0 0 0 
0 0 0 0 0 0 0 0 0 0 0 0 0 0 0 0 0 0 0 0 0 2 0 2 17 64 196 505 1378 3499 8417 18550 37709 66548 103611 139659 163383 162854 135172 90807 47857 19189 5615 961 65 0 0 0 0 0 0 0 0 0 0 0 0 0 0 0 0 
0 0 0 0 0 0 0 0 0 0 0 0 0 0 0 0 0 0 0 0 0 0 2 2 9 29 110 277 739 1942 4668 10962 23271 44623 75366 112791 145852 164226 156727 124067 79686 39971 15521 4396 764 59 0 0 0 0 0 0 0 0 0 0 0 0 0 0 0 
0 0 0 0 0 0 0 0 0 0 0 0 0 0 0 0 0 0 0 0 0 0 1 3 2 15 52 163 445 1116 2872 6735 15015 30596 55352 88935 126722 156162 166350 147378 108211 62076 26980 8756 1904 219 0 0 0 0 0 0 0 0 0 0 0 0 0 0 0 
0 0 0 0 0 0 0 0 0 0 0 0 0 0 0 0 0 0 0 0 0 0 0 3 3 7 27 94 243 648 1527 3570 8316 17085 33292 58043 90924 126895 154592 163121 143922 105770 60551 26602 8702 1904 219 0 0 0 0 0 0 0 0 0 0 0 0 0 0 
0 0 0 0 0 0 0 0 0 0 0 0 0 0 0 0 0 0 0 0 0 0 0 2 3 6 22 83 186 486 1191 2737 6602 13623 27566 49877 80668 116490 148434 163335 152452 118140 73361 34939 12431 3017 389 20 0 0 0 0 0 0 0 0 0 0 0 0 0 
0 0 0 0 0 0 0 0 0 0 0 0 0 0 0 0 0 0 0 0 0 0 0 2 3 6 22 83 186 480 1154 2713 6507 13441 27155 49137 79558 115123 146606 161755 151575 118859 75219 37319 14411 3966 732 48 0 0 0 0 0 0 0 0 0 0 0 0 0 
0 0 0 0 0 0 0 0 0 0 0 0 0 0 0 0 0 0 0 0 0 0 0 0 2 3 6 22 83 186 480 1167 2723 6554 13505 27339 49511 80067 115894 147659 162873 152361 118621 74307 35893 13070 3256 455 23 0 0 0 0 0 0 0 0 0 0 0 0 
0 0 0 0 0 0 0 0 0 0 0 0 0 0 0 0 0 0 0 0 0 0 0 0 1 3 4 17 52 124 384 850 1987 4737 9993 20456 37424 63137 94948 128511 152916 157478 137109 99142 58000 27039 9241 2300 207 0 0 0 0 0 0 0 0 0 0 0 0 
0 0 0 0 0 0 0 0 0 0 0 0 0 0 0 0 0 0 0 0 0 0 0 0 0 1 3 5 17 55 138 430 947 2219 5305 11178 22824 41547 69671 103576 137654 159803 158313 130880 88853 47056 19173 5319 1032 61 0 0 0 0 0 0 0 0 0 0 0 
0 0 0 0 0 0 0 0 0 0 0 0 0 0 0 0 0 0 0 0 0 0 0 0 0 1 0 3 7 33 80 233 606 1422 3239 7313 15003 28982 50654 80575 114619 144722 158593 149585 118308 76180 38167 14225 3226 284 0 0 0 0 0 0 0 0 0 0 0 
0 0 0 0 0 0 0 0 0 0 0 0 0 0 0 0 0 0 0 0 0 0 0 0 0 0 1 1 3 11 40 109 297 810 1923 4361 9935 19572 37096 62234 94834 128213 151548 156320 136779 101167 60189 28614 9788 2078 137 0 0 0 0 0 0 0 0 0 0 
0 0 0 0 0 0 0 0 0 0 0 0 0 0 0 0 0 0 0 0 0 0 0 0 0 0 0 1 1 4 16 51 137 414 1028 2449 5623 12415 24427 44932 73349 107556 139752 157491 154836 127217 86053 45894 17735 4273 406 0 0 0 0 0 0 0 0 0 0 
0 0 0 0 0 0 0 0 0 0 0 0 0 0 0 0 0 0 0 0 0 0 0 0 0 0 0 0 1 1 9 21 70 218 621 1556 3947 9039 19279 37033 63534 96527 131078 155049 160555 141108 100671 56725 22889 5611 518 0 0 0 0 0 0 0 0 0 0 
